30
1 1 1 1 0 0.618133 1.618133 3
1 0 -0.618133 1.618133 0 0.618133 1.618133 3
1 1 -1 1 0 -0.618133 1.618133 3
1 1.618133 0 0.618133 1 -1 1 3
1 1.618133 0 0.618133 1 1 1 3
1 -0.618133 1.618133 0 -1 1 1 3
1 -1 1 1 -1.618133 0 0.618133 3
1 -1.618133 0 0.618133 -1.618133 0 -0.618133 3
1 -1.618133 0 -0.618133 -1 1 -1 3
1 -1 1 -1 -0.618133 1.618133 0 3
1 0 0.618133 -1.618133 1 1 -1 3
1 1 1 -1 1.618133 0 -0.618133 3
1 1.618133 0 -0.618133 1 -1 -1 3
1 1 -1 -1 0 -0.618133 -1.618133 3
1 0 -0.618133 -1.618133 0 0.618133 -1.618133 3
1 0 0.618133 1.618133 -1 1 1 3
1 1 1 1 0.618133 1.618133 0 3
1 0.618133 1.618133 0 -0.618133 1.618133 0 3
1 0.618133 1.618133 0 1 1 -1 3
1 -1 1 -1 0 0.618133 -1.618133 3
1 1.618133 0 -0.618133 1.618133 0 0.618133 3
1 0 -0.618133 -1.618133 -1 -1 -1 3
1 -1 -1 -1 -1.618133 0 -0.618133 3
1 -1.618133 0 0.618133 -1 -1 1 3
1 1 -1 -1 0.618133 -1.618133 0 3
1 0.618133 -1.618133 0 -0.618133 -1.618133 0 3
1 -0.618133 -1.618133 0 -1 -1 -1 3
1 -0.618133 -1.618133 0 -1 -1 1 3
1 -1 -1 1 0 -0.618133 1.618133 3
1 0.618133 -1.618133 0 1 -1 1 3