30
1 0 0.618033 -1 -0.618033 1 0 3
1 0.618033 1 0 0 0.618033 -1 3
1 0.618033 1 0 -0.618033 1 0 3
1 -0.618033 1 0 0 0.618033 1 3
1 0 0.618033 1 0.618033 1 0 3
1 -1 0 0.618033 -1 0 -0.618033 3
1 -0.618033 1 0 -1 0 -0.618033 3
1 -0.618033 1 0 -1 0 0.618033 3
1 0 0.618033 1 -1 0 0.618033 3
1 -1 0 -0.618033 0 0.618033 -1 3
1 1 0 0.618033 0.618033 1 0 3
1 1 0 -0.618033 0 0.618033 -1 3
1 1 0 -0.618033 0.618033 1 0 3
1 1 0 0.618033 0 0.618033 1 3
1 1 0 0.618033 1 0 -0.618033 3
1 0 -0.618033 1 1 0 0.618033 3
1 -1 0 0.618033 0 -0.618033 1 3
1 0 0.618033 1 0 -0.618033 1 3
1 0 -0.618033 1 -0.618033 -1 0 3
1 -0.618033 -1 0 -1 0 0.618033 3
1 -0.618033 -1 0 -1 0 -0.618033 3
1 -1 0 -0.618033 0 -0.618033 -1 3
1 0 0.618033 -1 0 -0.618033 -1 3
1 -0.618033 -1 0 0 -0.618033 -1 3
1 0 -0.618033 -1 1 0 -0.618033 3
1 0 -0.618033 1 0.618033 -1 0 3
1 0.618033 -1 0 1 0 0.618033 3
1 1 0 -0.618033 0.618033 -1 0 3
1 0.618033 -1 0 0 -0.618033 -1 3
1 0.618033 -1 0 -0.618033 -1 0 3